{
 "cells": [
  {
   "cell_type": "markdown",
   "metadata": {},
   "source": [
    "# HOMO energy prediction with kernel ridge regression\n",
    "\n",
    "\n",
    "In this notebook we will machine-learn the relationship between molecules (represented by the Coulomb matrix CM) and their HOMO energy using kernel regression (KRR).\n",
    "\n",
    "KRR is a machine learning method that performs regression (fitting). This tutorial shows step by step how to load the data, visualize them, select the hyperparameters, train the model and validate it. We use the QM9 dataset of 134k small organic molecules. The HOMO energies of all molecules were pre-computed with first principles quantum mechanical methods (DFT) to obtain the target data that our model can be trained on. Detailed descriptions and results can be found in Stuke, Annika, et al. \"Chemical diversity in molecular orbital energy predictions with kernel ridge regression.\" The Journal of chemical physics 150.20 (2019): 204121.\n",
    "\n",
    "## Setup"
   ]
  },
  {
   "cell_type": "code",
   "execution_count": 69,
   "metadata": {
    "collapsed": true
   },
   "outputs": [],
   "source": [
    "# initial imports\n",
    "\n",
    "import numpy as np\n",
    "import math, random\n",
    "import matplotlib.pyplot as plt\n",
    "import pandas as pd\n",
    "import json\n",
    "import seaborn as sns\n",
    "from scipy.sparse import load_npz\n",
    "from matplotlib.colors import LinearSegmentedColormap\n",
    "from sklearn.model_selection import GridSearchCV\n",
    "from sklearn.kernel_ridge import KernelRidge\n",
    "from sklearn.metrics import r2_score"
   ]
  },
  {
   "cell_type": "markdown",
   "metadata": {},
   "source": [
    "## Load and visualize data \n",
    "\n",
    "At first, we load the data. The input data x is an array that contains all 133,814 molecules of the QM9 dataset, represented by their Coulomb matrices. The output data y is a list that contains the corresponding (pre-computed) HOMO energies."
   ]
  },
  {
   "cell_type": "code",
   "execution_count": 70,
   "metadata": {},
   "outputs": [
    {
     "name": "stdout",
     "output_type": "stream",
     "text": [
      "Number of molecules: 133814\n"
     ]
    }
   ],
   "source": [
    "x = load_npz(\"./data/qm9/cm.npz\").toarray()\n",
    "y = np.genfromtxt(\"./data/qm9/HOMO.txt\")\n",
    "\n",
    "print(\"Number of molecules:\", len(y))"
   ]
  },
  {
   "cell_type": "markdown",
   "metadata": {},
   "source": [
    "Print the Coulomb matrix of a random molecule in the dataset."
   ]
  },
  {
   "cell_type": "code",
   "execution_count": 94,
   "metadata": {},
   "outputs": [
    {
     "name": "stdout",
     "output_type": "stream",
     "text": [
      "[ 36.858  23.605  13.719  11.715   9.968  15.609  13.863   9.4     9.523\n",
      "   5.468   5.458   5.459   2.794   1.916   1.478   2.167   1.299   2.063\n",
      "   1.267   1.452   1.258   0.      0.      0.      0.      0.      0.      0.\n",
      "   0.     23.605  36.858  23.106  13.998  13.08   19.72   23.264  14.99\n",
      "  14.772   2.749   2.751   2.763   5.439   2.687   1.701   2.104   1.563\n",
      "   2.66    1.762   2.256   1.751   0.      0.      0.      0.      0.      0.\n",
      "   0.      0.     13.719  23.106  36.858  23.239  16.989  17.824  15.104\n",
      "  14.363  22.743   2.019   2.103   1.687   2.767   5.471   2.729   2.609\n",
      "   1.904   1.757   1.724   2.074   2.606   0.      0.      0.      0.      0.\n",
      "   0.      0.      0.     11.715  13.998  23.239  36.858  23.371  19.473\n",
      "  12.049  10.727  16.516   2.105   1.811   1.456   1.712   2.625   5.458\n",
      "   5.469   2.606   1.507   1.48    1.469   2.171   0.      0.      0.      0.\n",
      "   0.      0.      0.      0.      9.968  13.08   16.989  23.371  36.858\n",
      "  33.155  15.665  14.765  22.997   1.79    1.419   1.348   1.639   1.921\n",
      "   2.743   2.644   5.468   1.844   2.137   1.751   2.632   0.      0.      0.\n",
      "   0.      0.      0.      0.      0.     15.609  19.72   17.824  19.473\n",
      "  33.155  73.517  33.125  20.584  20.31    2.916   2.009   2.2     2.377\n",
      "   2.112   2.346   2.924   3.861   3.871   3.052   2.403   2.395   0.      0.\n",
      "   0.      0.      0.      0.      0.      0.     13.863  23.264  15.104\n",
      "  12.049  15.665  33.125  36.858  23.463  16.229   2.142   1.696   2.036\n",
      "   2.786   1.799   1.511   1.773   1.882   5.473   2.724   2.713   1.829\n",
      "   0.      0.      0.      0.      0.      0.      0.      0.      9.4\n",
      "  14.99   14.363  10.727  14.765  20.584  23.463  36.858  23.663   1.443\n",
      "   1.312   1.406   2.304   1.839   1.483   1.452   1.899   2.645   5.465\n",
      "   5.464   2.64    0.      0.      0.      0.      0.      0.      0.      0.\n",
      "   9.523  14.772  22.743  16.516  22.997  20.31   16.229  23.663  36.858\n",
      "   1.51    1.4     1.318   2.047   2.572   2.283   1.891   2.56    1.833\n",
      "   2.723   2.717   5.486   0.      0.      0.      0.      0.      0.      0.\n",
      "   0.      5.468   2.749   2.019   2.105   1.79    2.916   2.142   1.443\n",
      "   1.51    0.5     0.563   0.565   0.326   0.273   0.259   0.444   0.237\n",
      "   0.323   0.203   0.213   0.201   0.      0.      0.      0.      0.      0.\n",
      "   0.      0.      5.458   2.751   2.103   1.811   1.419   2.009   1.696\n",
      "   1.312   1.4     0.563   0.5     0.564   0.39    0.334   0.243   0.341\n",
      "   0.191   0.253   0.18    0.21    0.194   0.      0.      0.      0.      0.\n",
      "   0.      0.      0.      5.459   2.763   1.687   1.456   1.348   2.2\n",
      "   2.036   1.406   1.318   0.565   0.564   0.5     0.412   0.248   0.195\n",
      "   0.262   0.184   0.35    0.196   0.225   0.179   0.      0.      0.      0.\n",
      "   0.      0.      0.      0.      2.794   5.439   2.767   1.712   1.639\n",
      "   2.377   2.786   2.304   2.047   0.326   0.39    0.412   0.5     0.413\n",
      "   0.231   0.259   0.211   0.382   0.274   0.42    0.265   0.      0.      0.\n",
      "   0.      0.      0.      0.      0.      1.916   2.687   5.471   2.625\n",
      "   1.921   2.112   1.799   1.839   2.572   0.273   0.334   0.248   0.413\n",
      "   0.5     0.392   0.339   0.245   0.232   0.234   0.299   0.373   0.      0.\n",
      "   0.      0.      0.      0.      0.      0.      1.478   1.701   2.729\n",
      "   5.458   2.743   2.346   1.511   1.483   2.283   0.259   0.243   0.195\n",
      "   0.231   0.392   0.5     0.558   0.386   0.2     0.214   0.212   0.359\n",
      "   0.      0.      0.      0.      0.      0.      0.      0.      2.167\n",
      "   2.104   2.609   5.469   2.644   2.924   1.773   1.452   1.891   0.444\n",
      "   0.341   0.262   0.259   0.339   0.558   0.5     0.344   0.238   0.207\n",
      "   0.205   0.26    0.      0.      0.      0.      0.      0.      0.      0.\n",
      "   1.299   1.563   1.904   2.606   5.468   3.861   1.882   1.899   2.56\n",
      "   0.237   0.191   0.184   0.211   0.245   0.386   0.344   0.5     0.249\n",
      "   0.314   0.238   0.37    0.      0.      0.      0.      0.      0.      0.\n",
      "   0.      2.063   2.66    1.757   1.507   1.844   3.871   5.473   2.645\n",
      "   1.833   0.323   0.253   0.35    0.382   0.232   0.2     0.238   0.249\n",
      "   0.5     0.378   0.367   0.232   0.      0.      0.      0.      0.      0.\n",
      "   0.      0.      1.267   1.762   1.724   1.48    2.137   3.052   2.724\n",
      "   5.465   2.723   0.203   0.18    0.196   0.274   0.234   0.214   0.207\n",
      "   0.314   0.378   0.5     0.557   0.371   0.      0.      0.      0.      0.\n",
      "   0.      0.      0.      1.452   2.256   2.074   1.469   1.751   2.403\n",
      "   2.713   5.464   2.717   0.213   0.21    0.225   0.42    0.299   0.212\n",
      "   0.205   0.238   0.367   0.557   0.5     0.367   0.      0.      0.      0.\n",
      "   0.      0.      0.      0.      1.258   1.751   2.606   2.171   2.632\n",
      "   2.395   1.829   2.64    5.486   0.201   0.194   0.179   0.265   0.373\n",
      "   0.359   0.26    0.37    0.232   0.371   0.367   0.5     0.      0.      0.\n",
      "   0.      0.      0.      0.      0.      0.      0.      0.      0.      0.\n",
      "   0.      0.      0.      0.      0.      0.      0.      0.      0.      0.\n",
      "   0.      0.      0.      0.      0.      0.      0.      0.      0.      0.\n",
      "   0.      0.      0.      0.      0.      0.      0.      0.      0.      0.\n",
      "   0.      0.      0.      0.      0.      0.      0.      0.      0.      0.\n",
      "   0.      0.      0.      0.      0.      0.      0.      0.      0.      0.\n",
      "   0.      0.      0.      0.      0.      0.      0.      0.      0.      0.\n",
      "   0.      0.      0.      0.      0.      0.      0.      0.      0.      0.\n",
      "   0.      0.      0.      0.      0.      0.      0.      0.      0.      0.\n",
      "   0.      0.      0.      0.      0.      0.      0.      0.      0.      0.\n",
      "   0.      0.      0.      0.      0.      0.      0.      0.      0.      0.\n",
      "   0.      0.      0.      0.      0.      0.      0.      0.      0.      0.\n",
      "   0.      0.      0.      0.      0.      0.      0.      0.      0.      0.\n",
      "   0.      0.      0.      0.      0.      0.      0.      0.      0.      0.\n",
      "   0.      0.      0.      0.      0.      0.      0.      0.      0.      0.\n",
      "   0.      0.      0.      0.      0.      0.      0.      0.      0.      0.\n",
      "   0.      0.      0.      0.      0.      0.      0.      0.      0.      0.\n",
      "   0.      0.      0.      0.      0.      0.      0.      0.      0.      0.\n",
      "   0.      0.      0.      0.      0.      0.      0.      0.      0.      0.\n",
      "   0.      0.      0.      0.      0.      0.      0.      0.      0.      0.\n",
      "   0.      0.      0.      0.      0.      0.      0.      0.      0.      0.\n",
      "   0.      0.      0.      0.      0.      0.      0.      0.      0.      0.\n",
      "   0.      0.      0.      0.      0.      0.      0.      0.      0.      0.\n",
      "   0.      0.      0.      0.      0.      0.      0.   ]\n"
     ]
    }
   ],
   "source": [
    "rand_mol = random.randint(0, len(y))\n",
    "\n",
    "print(x[rand_mol])"
   ]
  },
  {
   "cell_type": "markdown",
   "metadata": {},
   "source": [
    "Visualize the Coulomb matrix of the random molecule."
   ]
  },
  {
   "cell_type": "code",
   "execution_count": 95,
   "metadata": {},
   "outputs": [
    {
     "data": {
      "text/plain": [
       "<matplotlib.figure.Figure at 0x7f139d51e4a8>"
      ]
     },
     "metadata": {},
     "output_type": "display_data"
    },
    {
     "data": {
      "image/png": "iVBORw0KGgoAAAANSUhEUgAAAZEAAAFVCAYAAAAuWNL1AAAABHNCSVQICAgIfAhkiAAAAAlwSFlz\nAAALEgAACxIB0t1+/AAAADl0RVh0U29mdHdhcmUAbWF0cGxvdGxpYiB2ZXJzaW9uIDIuMS4wLCBo\ndHRwOi8vbWF0cGxvdGxpYi5vcmcvpW3flQAAGJVJREFUeJzt3X+QnVd52PHvs1pLipFkRZVoaCGx\nzWAPCc0MqQrBbo1xaGqcBIZgZjydkEzamELJUMekSSe2g6G0hU4awITC2Glw0nTGTMzgDolrnEQ4\nTuwQRmFShuIfgKwxSU1AXiRbllfS7j79475rL4tWe+65e95dvf1+Zu68vvee+557r9b77HN+PG9k\nJpIk1Zha7zcgSTpzGUQkSdUMIpKkagYRSVI1g4gkqZpBRJJUzSAiSapmEJEkVTOISJKqTa/3G5Ck\nobs8Ig9N8Pq/hE9n5uVr9obWUK9B5Ia8s7jGyj3fPLeo3V89uKu4/2PHNhW1O+toWTuA7d/7dHHb\n2dmy885/fUvxOUvtfuysNT/nOLYdLv9Op0+WtZuaj+JzLmwq+9GbPlF+zrnN5SWDSs+7UP41MTVf\n1m7zbPlnUpnP3rRlrC/1ELB/U/3AT8wv7K5+cWMOZ0mSqjmcJUmtBbBpgoywMOtcDwYRSWouYILh\nrI0cRQwiktRaANPDnJsyiEhSa8GEmcjGNcxPJUnqhZmIJPVhkon1DcwgIkmtxaQT6xuXQUSSWhvw\nnEivQaR0FzrApXsOFrWbmy//h/nil3eWnXPzQvE5d+86Xtx21/aytg9uPqf4nAsLZSnytge2Fp+z\nhaM7y5colu5u39xg1eM4O8bnxigCULq7vMUueG0QDmdJkqoMeDhrmJ9KktQLMxFJ6oPDWZKkKgFM\nD3PgxyAiSa1FmIlIkiYw0Il1g4gktTbgfSLD/FSSpF6YiUhSa86JrI1xrodeuhP91d9zoPicU1Pn\nFbU7+Ni24nPOHi/f4vzgobKd6HNz5T9s3//CI0XtnjpZtlt/HONc43yca6yX7m4f55xTxUUIyneM\nt7h2eenOdhhjd/tTw/zldcYZ6HCWmYgktTbp5XE3MIOIJDVn2RNJUq3FTKT2VtpNxI9FxN0R8dcR\n8XREHIiI34uIV6zQ/qKIuDMiZiLiWER8ISKuiYjisWKDiCQNQES8D/h94IeAu4APAp8HXgfcFxE/\ntaz964B7gUuATwIfBjYD7wduK+3X4SxJaq3xPpGI+B7gF4G/BX4wM7+x5LlXAfuAdwO/2z22A7gF\nmAcuzcz93eM3dG2vjIirMnPVYGImIkl9aDuc9X2Mfp//xdIAApCZnwGeBPYsefjK7v5tiwGkazsL\nXN/dfWtJx2YiktRa++uJfBk4AbwsInZn5qFnu45LgO3AHUvaX9Yd7zrFue4FjgEXRcSWzDzt1fQM\nIpLUh8mCyO6I2L/k/s2ZefPincyciYhfBn4d+FJE3AE8DrwQeC3wh8C/WvL6C7vjw8s7ysy5iHgE\n+AHgfOCB070xg4gktTb5PpFDmbn3dA0y8wMRcRD4LeDqJU99Bbh12TDX4s7nlXYrLz6+6i5l50Qk\naQAi4peA24FbGWUgzwH+IXAA+B8R8Z/HOV13XLUsQq+ZyLFj5WUqvvjlsjIdpaVMAC577iNF7fZR\nfs6ZJ7cUt330a2cXtYvj5bH94NllJVr2rN7kGeOUMyk1TomQHTNlPydP7BqjRsga9w3jlSgpP+c4\n3315iRats8ZzIhFxKfA+4JOZee2Spz4fEa9nNGz1joj4aGYe4NlMY6VaTDu646p1lcxEJKkPbVdn\n/Xh3/MzyJzLzGPA5Rr/vX9o9/FB3vGB5+4iYBs4D5hhlMadlEJGk1hb3idTeVrc4JLLSoMPi4ye6\n477uePkp2l4CnA3cv9rKLDCISFJ7MUEWUpaJ/Gl3fHNE/P1v7zpeA1wMzAL3dw/fDhwCroqIvUva\nbgXe0939SEnHrs6SpD603SdyO/BHwKuBByLik8DXgRczGuoK4N9l5uMAmflERFzdve6eiLgNmGG0\nHPjC7vGPl3RsEJGkM1xmLkTEFcDbgKuA1zMakpoB7gRuysy7l73mjoh4JXAd8AZgK6PlwNd27YtW\nbhhEJKm1Hq4nkpkngQ90t9LX3AdcMUm/BhFJam641xMxiEhSa17ZUJJUrXEp+PXUaxA562j5buC5\nzQtF7Q4+VrZjG8p3opfubAeY2V22Cx3g0MyLitrNzZX/sJ37vKNF7Z6e3118zlLj7NheKP+nLz7v\ntsNjnLTQOLvgd35z7fsfZ8f6ON+p1ttwh7OG+akkSb1wOEuSWgtgyjkRSVKtgQ5nGUQkqTVXZ0mS\n6g13Yt0gIkmtDTgTGWZolCT1wkxEkvowNcy/2Q0iktRaFF8X5IxjEJGk1ix7sja2f+/TxW1371r1\nqowAzB4vr/0w8+SW1RsxXimTD1//zuK2vOddRc3uffQFxac8OntWUbv5rUWXBgBg+mRZu3HKbrQo\nezJVVhln1H/h/79bj5X/j35se/kbmD5Z9ldo6XevM5CZiCSpSsRg50SG+akkSb0wE5GkPjicJUmq\n4sS6JGkiVvGVJFUJa2dJkiYx0ExkmKFRktQLMxFJas2J9bUxO1u+bXnX9rId6w8eOqf4nI9+rWwn\n+qGZFxWfs3QXOsCuqWNF7XacfaL4nAf+ZntRuz1j7ISemi9Luxc2le+CL90xDjB9oqz/0p3t4xhn\nx/jhPeU71jfPln0BY31P7m4/g8Rgh7PMRCSpNTMRSdJEzEQkSVUGvMR3mJ9KktQLMxFJ6oPDWZKk\nKk6sS5LqucRXklQrGOxFqQwiktSHgV5PZJihUZLUi14zkfmvbylu++DmsnImc3Pl0T2Ol8XMubny\n2Hrvoy8obltazuSy5z5SfM6pOLeo3ZPzu8vPWVhOpLQ8CoxZIqWw7Tj9t7DtcHkZn6M7175Gyzj9\na50N+BrrDmdJUh+cWJckVQkGOydiEJGkPjicJUmqEsHCQIezhhkaJUm9MBORpMYSWHA4S5JUy+Es\nSVKVjGB+01T1bRwR8U8i4hMR8VhEHO+Od0fEFadoe1FE3BkRMxFxLCK+EBHXRETxJiQzEUnqQR+Z\nSERcD/x74BDw+8BjwG7gpcClwJ1L2r4O+AQwC3wcmAF+Ang/cDHwxpI+DSKSNAAR8UZGAeSPgJ/M\nzCeXPX/Wkv/eAdwCzAOXZub+7vEbgH3AlRFxVWbetlq/GzaILCyURe3vf+GR4nMePHtbUbtzn3e0\n+JxHZ89avVHnwN9sL2pXWsoE4NI9B4vafYrzi8/ZQmkpFYCFwkR6nFIqpf2X9g0wfbK8bYsSJaWl\nVHY87qj1ugvIhhPrETEFvA84Bvzz5QEEIDOX/sReCewBfmcxgHRtZrts5o+BtwJnbhCRpKEYrc5q\nOpx1EXAecDvwrYj4MeAljIaqPpeZf76s/WXd8a5TnOteRsHooojYkpnHT9exQUSSWmu/2fAfdce/\nBT4P/INv7z7uBa7MzG92D13YHR9efqLMnIuIR4AfAM4HHjhdx+a5ktTY4j6R2huwOyL2L7m9eVkX\nz+2ObwG+C3g1sJ1RNvJp4BLg95a0XyyTvtJ8wOLjO1f7bGYiktSDCTORQ5m59zTPL066BaOM4393\n9/9PRLyeUcbxyoh4xSmGtk5l8c2uOvFoJiJJZ75vdccDSwIIAJn5NKNsBOBl3XEx01jpwk07lrVb\nkUFEkhrLCOZjqvpW4KHueHiF5xeDzHcta3/B8oYRMc1okn4OOLBaxwYRSerBwlRU3wrcy+iX/osi\nYvMpnn9JdzzYHfd1x8tP0fYS4Gzg/tVWZoFBRJJ60TKIZOYhRrvOzwF+delzEfFPgX/GaGhqcUnv\n7Yx2tV8VEXuXtN0KvKe7+5GSz+XEuiQ1lo03G3auBV4OXBcRlwCfA74PeD2jnelXZ+ZhgMx8IiKu\nZhRM7omI2xiVPXkto+W/tzMKSqvqNYjsfqx8d/e2B7YWtXvq5Kor0J6xp7Dd0/O7i885v7V81/Se\nwh3OT47Rf+lO9M2z61tBdPrkMCuYrqdthx1IOHO0vyhVZn4jIl4OXM8ocPww8CTwB8B/yszPLmt/\nR0S8ErgOeAOwFfgKo2B0U2YW/XIzE5GkgcjMGUZB4NrC9vcB31HddxwGEUlqLbwolSSpUgILMcwh\nXYOIJPVgqFc2NIhIUmMZ4XCWJKne/ECHs4YZGiVJvTATkaTGFkvBD5FBRJKaC3Kgw1kGEUlqLVyd\nNQhT82v/jzhdWMpknP6n5ivfjKQNabRPxOEsSVKloWYiwwyNkqRemIlIUmsRlj2RJNVJYN4lvpKk\nWmYikqQqVvGVJNWL6OPyuOtimJ9KktQLMxFJ6oHDWRtUi13o4+wYX9g0Ttui6943+UyS1o9zIpKk\niRhEJElVMsLaWZKkekPNRIYZGiVJvTATkaTGRmVPhpmJGEQkqTXnRCRJk/DyuJKkKgksYBCRJFVy\ndZYkScv0molsO1xeI+TozrLaI+Occ/Ns2V8C45UyGaNtYcguLY8C5SVapk8O868g6czgxLokqZK1\nsyRJ9QLmDSKSpBpmIpKkCQQLA13HNMxPJUnqhZmIJPXAHeuSpCrOiUiSJmLZE0lSlXSzoSRpEmYi\na9HZyfK2peVMSsujAOyYKTtnaSmRcdtOnygtu1Je9mScsiuStNbMRCSpsQwn1iVJE5gf6HDWMGd6\nJGkDGU2s199qRcSbIiK728+t0ObHI+KeiDgSEUcj4i8i4mdK+zCISFIPkqi+1YiIFwAfAo6eps3P\nA58CXgL8LnAL8PeAWyPi10r6MYhIUg8WYqr6Nq6ICOBjwOPAR1docy7wa8AMsDcz35aZvwD8IPBV\n4B0R8YrV+jKISNLwvB24DPhZ4KkV2vwLYAvwG5l5cPHBzPwW8B+7u29ZrSODiCQ1loz2idTexhER\nLwbeC3wwM+89TdPLuuNdp3jufy1rsyJXZ0lSc+MHg2V2R8T+Jfdvzsybv6OXiGngvwOPAr+yyjkv\n7I4PL38iMx+LiKeA50fE2Zl5bKWTGEQkqQcTBpFDmbm3oN2vAi8F/nFmPr1K23O645EVnj8CPKdr\ntzGCyNR8+Ze4uXAneOnOdoAndpWddJxzTi0UNy3e3T7O9zTO7nZJ6yNpf3nciHgZo+zjv2Tmn6/F\nKbvjaX/JmIlIUg9a1s5aMoz1MHBD4cuOALsZZRqPn+L5Hd3xidOdxIl1STrzbQMuAF4MzC7ZYJjA\nO7s2t3SPfaC7/1B3vGD5ySLieYyGsv76dPMhYCYiSc1l+2usHwf+2wrP/RCjeZI/YxQ4Foe69gEX\nA5cveWzRa5a0OS2DiCT1oHbnedG5R5PoK5U1uZFREPntzPzNJU99DPgl4Ocj4mOLe0Ui4rt5dmXX\nKTcqLmUQkaQebLTriWTmIxHxb4GbgP0R8XHgBHAl8HwKJ+gNIpLU2OJmw40mMz8UEQeBXwR+mtE8\n+ZeA6zPzt0vOYRCRpB6sVxDJzBuBG0/z/KcYFWGs4uosSVI1MxFJaiyJwV6UyiAiST1ouTprPfUa\nRFqU6Bin7EgLC+s8IFhaSkXS+tqIE+trwUxEkhpLYD6HGUScWJckVTMTkaQeOJwlSaqShBPrkqR6\njQswrhuDiCT1YGGgE+sGEUlqLGGwmw2HmV9JknphJiJJzQXpcNYadHai/Etc2FTasnwX/I6ZspM+\nsat8G/jWY+XJ3PTJ4qbFyr8nSetlo5aCXwtmIpLUWg53x7pBRJIaMxORJE1kqHMirs6SJFUzE5Gk\n5sLhLElSncQd65KkCbg6S5JUzSq+kqQqQx7OcnWWJKlar5nI3ObyEiVzZ5W12zxbHt2nCquZ7Pxm\neS2RY9sXitse3lPWdtvh8v5blFKRtMYynBORJNUZDWet97towyAiST0Y6o51g4gkNTbkiXWDiCT1\nYKg71l2dJUmqZiYiSY0l7liXJNVKL48rSZrAwoJBRJJUweEsSVK9dInv2nR2Yu1LlKy36ZPln2nz\nbNliuKM7yz/8OCVSJGmtmYlIUg+cWJckVUnC4SxJUj0LMEqSqmTCvEt8JUm1hjonYu0sSVI1MxFJ\n6oET65KkKslw50QczpKk1nK0xLf2tpqI+DsR8XMR8cmI+EpEPB0RRyLizyLiX0bEKX/XR8RFEXFn\nRMxExLGI+EJEXBMRxbuYe81EFsbYXD23uWw93Dg726fmy/4SKG0HMH2yvP8FQ7b0/6UEcqFpF28E\nPgI8BnwGeBT4u8BPAr8JvCYi3piZz/xijYjXAZ8AZoGPAzPATwDvBy7uzrkqh7MkqQeN50QeBl4L\n/EHms+EqIn4F+BzwBkYB5RPd4zuAW4B54NLM3N89fgOwD7gyIq7KzNtW69i/jSXpDJeZ+zLzU0sD\nSPf414GPdncvXfLUlcAe4LbFANK1nwWu7+6+taRvMxFJai3X9Xoii4Puc0seu6w73nWK9vcCx4CL\nImJLZh4/3cnNRCSpscXridTegN0RsX/J7c0l/UbENPDT3d2lAePC7vjwd7zXzDngEUZJxvmr9WEm\nIkk9yMkykUOZubfide8FXgLcmZmfXvL4Od3xyAqvW3x852odGEQkqbGk/wKMEfF24B3Ag8Cbxn15\nd1z1XRtEJKm1jF43G0bE24APAl8CfiQzZ5Y1Wcw0zuHUdixrtyLnRCRpQCLiGuA3gC8Cr+pWaC33\nUHe84BSvnwbOYzQRf2C1/gwiktRYMlqdVXsrFRG/zGiz4F8xCiDfWKHpvu54+SmeuwQ4G7h/tZVZ\nYBCRpF5kRvWtRLdR8L3AXzIawjp0mua3A4eAqyLimQn7iNgKvKe7+5GSfnudExmnRMn0ibIvrrQ8\nykhZ23HKs4yjtETKtsPlb+DozrIvddth/16Q1k3CQsOyJxHxM8C7Ge1A/1Pg7RHf8Tv0YGbeCpCZ\nT0TE1YyCyT0RcRujsievZbT893ZGpVBW5cS6JDW2OJzV0HndcRNwzQpt/gS49Zn3lHlHRLwSuI5R\nWZStwFeAa4GbltbZOh2DiCS11vjyuJl5I3BjxevuA66YpG/HOCRJ1cxEJKmxZLxVVmcSg4gk9aDx\n9UTWjUFEklpLFgspDo5BRJIa62F11roxiEhSD1ruE1lPrs6SJFXrNRPZPNsgnXtqmCliqR2P+3eA\ntOHlxNcT2bAczpKkxpwTkSTVS5gf6JyIQUSSGnOzoSSpXkLODzOIOCsrSapmJiJJjSXOiUiSJuCc\niCSpTuMrG64ng4gk9SAmyETGuQh435xYlyRVMxORpNYSNk2wxHduDd/KWjOISFJjAUw5JyJJqpLB\nlKuzJEm1Yn6930EbBhFJaiwSNg00E3F1liSpmpmIJPXAiXVJUpVImBpoFV+DiCT1YJId6xuZQUSS\nGouETa7OkiTVGe4+EVdnSZKqmYlIUmsJUw5nSZJqBE6sS5JqObEuSaplFV9JUr0BbzZ0dZYkqZqZ\niCT1IBzOkiTViAkvj7uRGUQkqQfuE5EkVYlksGVPDCKS1IOhXh7X1VmSpGpmIpLUWsZgJ9bNRCSp\nsegKMNbeivuJeH5E/FZE/N+IOB4RByPiAxHx3a0+m5mIJPWgddmTiHghcD/wXOB/Ag8CLwP+DXB5\nRFycmY+vdb8GEUlqLSHaD2f9V0YB5O2Z+aHFByPi14FfAP4D8Ja17tThLElqLBhV8a29rXr+iPOB\nHwUOAh9e9vQ7gaeAN0XEc9b2kxlEJGkILuuOd2fmtw2cZeaTwH3A2cAPr3XHBhFJaq39xPqF3fHh\nFZ7/cne8YNKPspxzIpLUWDBxKfjdEbF/yf2bM/PmJffP6Y5HVnj94uM7J3kTp2IQkaTWcuIqvocy\nc+8Er1+MYDnRuzgFg4gkNbY4sd7QYqZxzgrP71jWbs0YRCSptfZXNnyoO6405/Gi7rjSnEk1J9Yl\n6cz3me74oxHxbb/XI2I7cDHwNPDZte7YICJJrTVenZWZXwXuBs4F3rbs6XcBzwF+JzOfWuNP5nCW\nJLU2Wp3VvJt/zajsyU0R8SPAA8DLgVcxGsa6rkWnBhFJaq39nAiZ+dWI2Au8G7gcuAJ4DLgJeFdm\nzrTo1yAiSY31lImQmV8DfrZ9T88yiEhSaznca6w7sS5JqmYmIkmtDTgTMYhIUmNBNJ9YXy8GEUlq\nzUxEklQrDCKSpEkMNYi4OkuSVM1MRJIaix52rK8Xg4gk9WCow1kGEUlqzYl1SVItV2dJkiYy1CDi\n6ixJUjUzEUlqzNVZkqSJDHU4yyAiSa05sS5JquXqLEnSRIYaRFydJUmqZiYiSY05nCVJqpcwNbfe\nb6INg4gk9cB9IpKkKg5nSZImMtQg4uosSVI1MxFJaszhLElSPYOIJGkSBhFJUhWHsyRJ9Qa82dDV\nWZKkamYiktRY4HCWJKmWcyJr47M3bRlm8RhJWsVQg0hk5nq/B0katIi4C9g9wSkOZebla/V+1pJB\nRJJUzdVZkqRqBhFJUjWDiCSpmkFEklTNICJJqmYQkSRVM4hIkqoZRCRJ1QwikqRqBhFJUjWDiCSp\nmkFEklTNICJJqmYQkSRVM4hIkqoZRCRJ1QwikqRqBhFJUjWDiCSpmkFEklTNICJJqvb/ANpSHFtq\nu45OAAAAAElFTkSuQmCC\n",
      "text/plain": [
       "<matplotlib.figure.Figure at 0x7f139d53ab38>"
      ]
     },
     "metadata": {},
     "output_type": "display_data"
    }
   ],
   "source": [
    "shape = (29, 29)\n",
    "mat = x[rand_mol].reshape(shape)\n",
    "\n",
    "plt.figure()\n",
    "plt.figure(figsize = (6,6))\n",
    "plt.imshow(mat, origin=\"upper\", cmap='rainbow', vmin=-15, vmax=90, interpolation='nearest')\n",
    "plt.colorbar(fraction=0.046, pad=0.04).ax.tick_params(labelsize=20)\n",
    "plt.axis('off')\n",
    "plt.show()"
   ]
  },
  {
   "cell_type": "markdown",
   "metadata": {},
   "source": [
    "Visualize the target data by plotting the distribution of HOMO energies in the dataset."
   ]
  },
  {
   "cell_type": "code",
   "execution_count": 73,
   "metadata": {},
   "outputs": [
    {
     "data": {
      "image/png": "iVBORw0KGgoAAAANSUhEUgAAAZUAAAEWCAYAAACufwpNAAAABHNCSVQICAgIfAhkiAAAAAlwSFlz\nAAALEgAACxIB0t1+/AAAADl0RVh0U29mdHdhcmUAbWF0cGxvdGxpYiB2ZXJzaW9uIDIuMS4wLCBo\ndHRwOi8vbWF0cGxvdGxpYi5vcmcvpW3flQAAH95JREFUeJzt3XmcXFWZ//HPlyTIZtgSGJIgHTQo\nUUbUZnMZViEgEETAOCwRcVAHcEFHiSCLUcEF+RlHVEZ2lRgQJaAM+6IzAumwB8wQIZAQIMFACAED\nIc/vj3s6ualUdd/u3OqqSn/fr1e9uu655956qtOpp85yz1VEYGZmVoZ1Gh2AmZmtPZxUzMysNE4q\nZmZWGicVMzMrjZOKmZmVxknFzMxK46Ria0zSzyR9o6RzvUXSy5IGpO3bJX26jHOn810vaXxZ5+vB\n635L0vOSnu3r114bSTpS0o2NjsNW56RiXZI0W9KrkhZLelHS/0r6rKQVfzsR8dmImFjwXPt0VSci\nnoqIjSLijRJiP1PSLyvOv39EXLqm5+5hHFsDXwZGR8Q/Vdm/h6S5VcpXSaiSNpH0U0nPSnpF0kOS\njq04Zrak1yQNqSi/X1JIasuVvV/SrenfdpGkayWNXvN3XH8R8auI2LfRcdjqnFSsiIMi4s3ANsA5\nwNeAC8t+EUkDyz5nk9gG+HtEzO/tCSStC9yczrUbsDHwH8A5kk6uqP4E8IncsTsA61ecbzfgRuAa\nYBgwEngA+B9J2/Y2zjKsxX8H/UNE+OFHzQcwG9inomxnYDnwrrR9CfCt9HwIcB3wIrAQ+BPZl5fL\n0zGvAi8DXwXagACOA54C7syVDUznux04G7gHWET2IbhZ2rcHMLdavMAY4DXg9fR6D+TO9+n0fB3g\nNOBJYD5wGbBx2tcZx/gU2/PAqV38njZOxy9I5zstnX+f9J6XpzguqXLsau+jSqzHpRg3rKjz8XTe\nwbn3fxowLVfnB8Cp6f20pbI/AedXec3rgcu6eJ+fAh4FXgBuALbJ7Qvgs8Bjaf9PAPXg2BPSsU+k\nsn2Bmenf/Xzgjtzv45PAn3PHvwO4iexvbiZwRG7fAcAjwGLgaeArjf5/tTY/3FKxHouIe4C5wIeq\n7P5y2jcU2BL4enZIHE324XxQZN1b38sdszuwPbBfjZc8huwDaRiwDJhUIMb/Br4D/Ca93rurVPtk\neuwJbAtsBPxnRZ0PAm8H9gZOl7R9jZf8MVli2Ta9n2OAYyPiZmB/YF6K45PdxV7Dh4HrI2JJRflv\ngfXIWi+d7gIGS9o+jU19HFjRDShpA+D9wJVVXmdKeq3VSDqE7N/zULJ/3z8BV1RUOxDYCXg3cATp\n37TgsYcAuwCjU/fdVcAEYHOyRPH+GnFtSJZQfg1sQdZKO1/SO1OVC4HPRNbafhdwa7XzWDmcVKy3\n5gGbVSl/HdiK7Fvo6xHxp0hfF7twZkQsiYhXa+y/PCIeTh+o3wCO6BzIX0NHAj+MiMcj4mWyD7Bx\nFd0vZ0XEqxHxAFn30GrJKffBPSEiFkfEbOBc4OgexDIsjVmteJAltE5DgGcqD4qIZWStqCEVuy4n\nS2wfBv5K9g2902Zk//dXO18qqzxXp88AZ0fEo+l1vwPsKGmbXJ1zIuLFiHgKuA3YsQfHnh0RC9Pf\nwQHAjIi4OtWfBNSa5HAgMDsiLo6IZRFxL1myPSztf50sUQ2OiBfSfqsTJxXrreFkXQ2Vvg/MAm6U\n9LikUwqca04P9j8JDKL2B19PDEvny597IFkLq1P+g+wVstZMpSHAulXONbwHscyLiE3yD+DPuf3P\nkyXrVaQEOCTtz7sc+FeylthlFfteIOuOW+18qazyXJ22AX6US3oLAbHq+6z1+ypybP7feVh+O30x\nWW0yQ+7cu1Qk5COBzkkRHyNLUk9KuiONJ1mdOKlYj0naiezD4M+V+9I39S9HxLbAQcDJkvbu3F3j\nlN21ZLbOPX8L2TfP54ElwAa5uAaQda0UPe88sg+k/LmXAc91c1yl51NMled6unr1XrkZ2D919eR9\nDFhK1uW1QkQ8STZgfwBwdcW+JcBfgMOrvM4RwC01YphD1o2UT37rR8T/Foi/yLH5f69ngBGdG5KU\n365y7jsqzr1RRHwuvd9pETGWrGvs92RdfFYnTipWmKTBkg4EJgO/jIiHqtQ5UNLb0ofAS8Ab6QHZ\nh3VvZhYdJWl0Ggv4JnBVZFOO/w9YT9JHJA0iG6B+U+6454C2/PTnClcAX5I0UtJGrByDWdaT4FIs\nU4BvS3pz6tI5mdw4RgkuJ/umfqWkNkmDJO1H1i10ZkQsqnLMccBeVcZhAE4Bxkv6fIp5U0nfIhub\nOatGDD8DJnSOVUjaWFK1xFTGsX8AdpB0SGqNncDKlkel64DtJB2dfi+DJO2UxpTWTde0bBwRr7Py\nb9LqxEnFirhW0mKyb4SnAj8Ejq1RdxTZt+qXyb4Nnx8Rt6d9ZwOnpS6Kr/Tg9S8nm2H2LNmg9OcB\n0gfpvwO/IGsVLGHVLpLOgei/S6rWj35ROvedZN/q/wGc1IO48k5Kr/84WQvu1+n8pYiIpWQzyeYA\nd5N9OP6QbEba92sc87eI6Kix789kg+iHkrUKngTeA3wwIh6rcczvgO8CkyW9BDxMNgmhSPw9OjYi\nnidrSX0P+DswGugga5VV1l1MNlNsHFnr89n0Wp1fMI4GZqfX/SxwVJGYrXfU/RiqmVljpdbmXODI\niLit0fFYbW6pmFlTkrRfWkXgTWTTkUXF2JE1HycVM2tWuwF/I5sIcRBwSBfTzq1JuPvLzMxK45aK\nmZmVpt8t3DZkyJBoa2trdBhmZi1j+vTpz0fE0O5r9sOk0tbWRkdH1VmWZmZWhaQnu6+VcfeXmZmV\nxknFzMxK46RiZmalcVIxM7PSOKmYmVlpnFTMzKw0TipmZlYaJxUzMyuNk4qZmZWm311Rb7Y2knp/\nrNeUtTK5pWJmZqVxUjEzs9I4qZiZWWmcVMzMrDROKmZmVhonFTMzK42TipmZlcZJxczMSuOkYmZm\npXFSMTOz0jipmJlZaZxUzMysNE4qZmZWGicVMzMrjZOKmZmVxknFzMxKU/ekImmApPskXZe2R0q6\nW9Jjkn4jad1U/qa0PSvtb8udY0Iqnylpv1z5mFQ2S9Ip9X4vZmbWtb5oqXwBeDS3/V3gvIgYBbwA\nHJfKjwNeiIi3AeelekgaDYwD3gmMAc5PiWoA8BNgf2A08IlU18zMGqSuSUXSCOAjwC/StoC9gKtS\nlUuBQ9LzsWmbtH/vVH8sMDkilkbEE8AsYOf0mBURj0fEa8DkVNfMzBqk3i2V/wd8FVietjcHXoyI\nZWl7LjA8PR8OzAFI+xel+ivKK46pVb4aScdL6pDUsWDBgjV9T2ZmVkPdkoqkA4H5ETE9X1ylanSz\nr6flqxdGXBAR7RHRPnTo0C6iNjOzNTGwjuf+AHCwpAOA9YDBZC2XTSQNTK2REcC8VH8usDUwV9JA\nYGNgYa68U/6YWuVmZtYAdWupRMSEiBgREW1kA+23RsSRwG3AYanaeOCa9Hxq2ibtvzUiIpWPS7PD\nRgKjgHuAacCoNJts3fQaU+v1fszWVtKaPczy6tlSqeVrwGRJ3wLuAy5M5RcCl0uaRdZCGQcQETMk\nTQEeAZYBJ0TEGwCSTgRuAAYAF0XEjD59J2ZmtgpljYH+o729PTo6OhodhlmpGtli6GcfIf2SpOkR\n0V6krq+oNzOz0jipmJlZaZxUzMysNE4qZmZWGicVMzMrjZOKmZmVxknFzMxK46RiZmalcVIxM7PS\nOKmYmVlpnFTMzKw0TipmZlYaJxUzMyuNk4qZmZXGScXMzErjpGJmZqVxUjEzs9I4qZiZWWmcVMzM\nrDROKmZmVpoeJRVJ60gaXK9gzMystXWbVCT9WtJgSRsCjwAzJf1H/UMzM7NWU6SlMjoiXgIOAf4I\nvAU4uq5RmZlZSyqSVAZJGkSWVK6JiNeBqG9YZmbWiooklZ8Ds4ENgTslbQO8VM+gzMysNQ3srkJE\nTAIm5YqelLRn/UIyM7NWVWSgfktJF0q6Pm2PBsbXPTIzM2s5Rbq/LgFuAIal7f8DvlivgMzMrHUV\nSSpDImIKsBwgIpYBb9Q1KjMza0lFksoSSZuTZnxJ2hVYVNeozMysJXU7UA+cDEwF3irpf4ChwGF1\njcrMzFpSkdlf90raHXg7IGBmulbFzMxsFTWTiqRDa+zaThIRcXWdYjIzsxbVVUvloC72BeCkYmZm\nq6iZVCLi2L4MxMzMWl+3YyqSTq9WHhHfLD8cMzNrZUVmfy3JPV8POBB4tD7hmJlZK+v2OpWIODf3\n+DawBzC8u+MkrSfpHkkPSJoh6axUPlLS3ZIek/QbSeum8jel7Vlpf1vuXBNS+UxJ++XKx6SyWZJO\n6fG7NzOzUvXmdsIbANsWqLcU2Csi3g3sCIxJF05+FzgvIkYBLwDHpfrHAS9ExNuA81K9zrXGxgHv\nBMYA50saIGkA8BNgf2A08IlU18zMGqTIgpIPSXowPWYAM4EfdXdcZF5Om4PSI4C9gKtS+aVk92kB\nGJu2Sfv3lqRUPjkilkbEE8AsYOf0mBURj0fEa8DkVNfMzBqkyJjKgbnny4Dn0vpf3UqtienA28ha\nFX8DXswdP5eVXWnDgTmQrS8maRGweSq/K3fa/DFzKsp3KRKXmZnVR5Hur62AhRHxZEQ8DawnqdCH\nd0S8ERE7AiPIWhbbV6uWfqrGvp6Wr0bS8ZI6JHUsWLCg+8DNzKxXiiSVnwIv57ZfSWWFRcSLwO3A\nrsAmkjpbSCOAeen5XGBrgLR/Y2BhvrzimFrl1V7/gohoj4j2oUOH9iR0MzPrgSJJRRGxogUQEcsp\ndn3LUEmbpOfrA/uQTUW+jZULUo4HrknPp7Ly5l+HAbem150KjEuzw0YCo4B7gGnAqDSbbF2ywfyp\nBd6PmZnVSZExlcclfZ6VrZN/Bx4vcNxWwKVpXGUdYEpEXCfpEWCypG8B9wEXpvoXApdLmkXWQhkH\nEBEzJE0BHiEb0zkhIt4AkHQi2Q3EBgAXRcSMAnGZmVmdKNcIqV5B2oLsHvV7kY1Z3AJ8MSLm1z+8\n8rW3t0dHR0ejwzArlaqNMPaRbj5CbC0gaXpEtBepW2Tp+/mkVoOZmVlXilynsp2kWyQ9nLb/WdJp\n9Q/NzMxaTZGB+v8CJgCvA0TEg7jlYmZmVRRJKhtExD0VZYUufjQzs/6lSFJ5XtJbSRcWSjoMeKau\nUZmZWUsqMqX4BOAC4B2SngaeAI6qa1RmZtaSisz+ehzYR9KGwDoRsbj+YZmZWSuqmVQknVyjHICI\n+GGdYjIzsxbVVUvlzX0WhZmZrRVqJpWIOKsvAzEzs9ZX5OLHEZJ+J2m+pOck/VbSiL4IzszMWkuR\nKcUXk63+O4zs5ljXpjIzM7NVFEkqQyPi4ohYlh6XAL4piZmZraboxY9HSRqQHkcBf693YGZm1nqK\nJJVPAUcAz5JdSX9YKjMzM1tFkYsfnwIO7oNYzMysxRW5LfBI4CSgLV8/IpxozMxsFUXW/vo92a1+\nrwWW1zccMzNrZUWSyj8iYlLdIzEzs5ZXJKn8SNIZwI3A0s7CiLi3blGZmVlLKpJUdgCOBvZiZfdX\npG0zM7MViiSVjwLbRsRr9Q7GzMxaW5HrVB4ANql3IGZm1vqKtFS2BP4qaRqrjql4SrGZma2iSFI5\no+5RmJnZWqHIFfV39EUgZmbW+oqMqZiZmRXipGJmZqWpmVQk3ZJ+frfvwjEzs1bW1ZjKVpJ2Bw6W\nNBlQfqevqDczs0pdJZXTgVOAEcAPK/b5inozM1tNzaQSEVcBV0n6RkRM7MOYzMysRRWZUjxR0sHA\nv6Si2yPiuvqGZWZmrajb2V+Szga+ADySHl9IZWZmZqsockX9R4AdI2I5gKRLgfuACfUMzMzMWk/R\n61TyC0puXI9AzMys9RVpqZwN3CfpNrJpxf+CWylmZlZFkYH6KyTdDuxEllS+FhHP1jswMzNrPYW6\nvyLimYiYGhHXFE0okraWdJukRyXNkPSFVL6ZpJskPZZ+bprKJWmSpFmSHpT03ty5xqf6j0kanyt/\nn6SH0jGTJGn1SMzMrK/Uc+2vZcCXI2J7YFfgBEmjyS6ovCUiRgG3pG2A/YFR6XE88FPIkhDZ8vu7\nADsDZ3QmolTn+NxxY+r4fszMrBt1SyqpdXNver4YeBQYDowFLk3VLgUOSc/HApdF5i5gE0lbAfsB\nN0XEwoh4AbgJGJP2DY6Iv0REAJflzmXWcqTeP8yaRZdJRdI6kh5e0xeR1Aa8B7gb2DIinoEs8QBb\npGrDgTm5w+amsq7K51Ypr/b6x0vqkNSxYMGCNX07ZmZWQ5dJJV2b8oCkt/T2BSRtBPwW+GJEvNRV\n1Woh9KJ89cKICyKiPSLahw4d2l3IZmbWS0WmFG8FzJB0D7Cks7DIPeolDSJLKL+KiKtT8XOStoqI\nZ1IX1vxUPhfYOnf4CGBeKt+jovz2VD6iSn0zM2uQIknlrN6cOM3EuhB4NCLyqxxPBcYD56Sf1+TK\nT0zL7O8CLEqJ5wbgO7nB+X2BCRGxUNJiSbuSdasdA/y4N7GamVk5Ct2jXtI2wKiIuFnSBsCAAuf+\nAHA08JCk+1PZ18mSyRRJxwFPAYenfX8EDgBmAa8Ax6bXXyhpIjAt1ftmRCxMzz8HXAKsD1yfHmZm\n1iDKJk51UUH6N7Jpu5tFxFsljQJ+FhF790WAZWtvb4+Ojo5Gh2G2mladxdXNR4itBSRNj4j2InWL\nTCk+gazV8RJARDzGyhlbZmZmKxRJKksj4rXODUkDqTHLyszM+rciSeUOSV8H1pf0YeBK4Nr6hmVm\nZq2oSFI5BVgAPAR8hmxA/bR6BmVmZq2pyOyv5enGXHeTdXvNjO5G983MrF/qNqlI+gjwM+BvZFex\nj5T0mYjw9F0zM1tFkYsfzwX2jIhZAJLeCvwBXxNiZmYVioypzO9MKMnjrFxaxczMbIWaLRVJh6an\nMyT9EZhCNqZyOCuvbjczM1uhq+6vg3LPnwN2T88XAJuuXt3MzPq7mkklIo7ty0DMzKz1FZn9NRI4\nCWjL1y+y9L2ZmfUvRWZ//Z5sCftrgeX1DcfMzFpZkaTyj4iYVPdIzMys5RVJKj+SdAZwI7C0szAi\n7q1bVGZm1pKKJJUdyG62tRcru78ibZuZma1QJKl8FNg2v/y9mZlZNUWuqH8A2KTegZiZWesr0lLZ\nEvirpGmsOqbiKcVmZraKIknljLpHYWZma4Ui91O5oy8CMTOz1lfkivrFrLwn/brAIGBJRAyuZ2Bm\nZtZ6irRU3pzflnQIsHPdIjIzs5ZVZPbXKiLi9/gaFTMzq6JI99ehuc11gHZWdoeZmZmtUGT2V/6+\nKsuA2cDYukRjZmYtrciYiu+rYmY1Sb0/Ntznsdbp6nbCp3dxXETExDrEY2ZmLayrlsqSKmUbAscB\nmwNOKmZmtoqubid8budzSW8GvgAcC0wGzq11nJmZ9V9djqlI2gw4GTgSuBR4b0S80BeBmZlZ6+lq\nTOX7wKHABcAOEfFyn0VlZmYtqauLH78MDANOA+ZJeik9Fkt6qW/CMzOzVtLVmEqPr7Y3M7P+zYnD\nzMxK46RiZmalcVIxM7PSOKmYmVlp6pZUJF0kab6kh3Nlm0m6SdJj6eemqVySJkmaJelBSe/NHTM+\n1X9M0vhc+fskPZSOmSStyQpEZmZWhnq2VC4BxlSUnQLcEhGjgFvSNsD+wKj0OB74Kay4+PIMYBey\nG4Od0ZmIUp3jc8dVvpaZmfWxuiWViLgTWFhRPJbsynzSz0Ny5ZdF5i5gE0lbAfsBN0XEwnQl/03A\nmLRvcET8JSICuCx3LjMza5C+HlPZMiKeAUg/t0jlw4E5uXpzU1lX5XOrlFcl6XhJHZI6FixYsMZv\nwszMqmuWgfpq4yHRi/KqIuKCiGiPiPahQ4f2MkQzM+tOXyeV51LXFenn/FQ+F9g6V28EMK+b8hFV\nys3MrIH6OqlMBTpncI0HrsmVH5Nmge0KLErdYzcA+0raNA3Q7wvckPYtlrRrmvV1TO5cZmbWIEXu\nUd8rkq4A9gCGSJpLNovrHGCKpOOAp4DDU/U/AgcAs4BXyO7bQkQslDQRmJbqfTMiOgf/P0c2w2x9\n4Pr0MDOzBlL0s5tEt7e3R0dHR6PDMFtNf7zSqp99/LQsSdMjor1I3WYZqDczs7WAk4qZmZXGScXM\nzErjpGJmZqVxUjEzs9I4qZiZWWmcVMzMrDR1u/jRrD/qj9eamOW5pWJmZqVxUjEzs9I4qZiZWWmc\nVMzMrDROKmZmVhonFTMzK42TipmZlcZJxczMSuOkYmZmpXFSMTOz0jipmJlZaZxUzMysNF5Q0swa\nZk0W4IwoLw4rj1sqZmZWGicVMzMrjZOKmZmVxknFzMxK46RiZmalcVIxM7PSOKmYmVlpnFTMzKw0\nTipmZlYaJxUzMyuNl2kxq7AmS4eY9XduqZiZWWncUjGzluTFKJuTWypmZlYaJxUzMyuNk4qZmZXG\nScXMzErT8klF0hhJMyXNknRKo+OxxpPW7GFmvdfSs78kDQB+AnwYmAtMkzQ1Ih5pbGRm1szW9MuD\nZ4/V1tJJBdgZmBURjwNImgyMBZxUmoC/9Zv1P62eVIYDc3Lbc4FdKitJOh44Pm2+LGlmH8RWyxDg\n+Qa+fleaNTbH1XPNGluzxgU9iK2PvzA1w+9sm6IVWz2pVPunXa1hGhEXABfUP5zuSeqIiPZGx1FN\ns8bmuHquWWNr1rigeWNr1rhqafWB+rnA1rntEcC8BsViZtbvtXpSmQaMkjRS0rrAOGBqg2MyM+u3\nWrr7KyKWSToRuAEYAFwUETMaHFZ3mqIbroZmjc1x9VyzxtascUHzxtascVWl8Nw4MzMrSat3f5mZ\nWRNxUjEzs9I4qfQRSYdLmiFpuaT2in0T0jIzMyXt18AY3y3pL5IeknStpMGNiqWSpB0l3SXpfkkd\nknZudEwAkn6TYrpf0mxJ9zc6pjxJJ6W/qxmSvtfoeAAknSnp6dzv7YBGx1RJ0lckhaQhjY4FQNJE\nSQ+m39eNkoY1OqZaPKbSRyRtDywHfg58JSI6Uvlo4Aqy1QGGATcD20XEGw2IcVqK7Q5JnwJGRsQ3\n+jqOaiTdCJwXEdenD6GvRsQeDQ5rFZLOBRZFxDcbHQuApD2BU4GPRMRSSVtExPwmiOtM4OWI+EGj\nY6lG0tbAL4B3AO+LiEZfeIikwRHxUnr+eWB0RHy2wWFV5ZZKH4mIRyOi2pX8Y4HJEbE0Ip4AZpEl\nmEZ4O3Bnen4T8LEGxVFNAJ0tp41psuuRJAk4guwLQrP4HHBORCwFaIaE0iLOA75KlQupG6UzoSQb\n0kSxVXJSabxqS80Mb1AsDwMHp+eHs+qFpY32ReD7kuYAPwAmNDieSh8CnouIxxodSM52wIck3S3p\nDkk7NTqgnBNTd85FkjZtdDCdJB0MPB0RDzQ6lkqSvp3+/o8ETm90PLW09HUqzUbSzcA/Vdl1akRc\nU+uwKmV1+xbSVYzAp4BJkk4nu4j0tXrF0YvY9ga+FBG/lXQEcCGwT6Pjyv27foIGtFK6+Z0NBDYF\ndgV2AqZI2jb6oM+7m7h+Ckwk+zufCJxL9rfXJ7qJ7evAvn0VS153f2cRcSpwqqQJwInAGX0aYEEe\nU+ljkm5n1TGVCQARcXbavgE4MyL+0rAgszi2A34ZEc0yIL4I2CQiInU1LYqIpphIIGkg8DRZ//vc\nRsfTSdJ/k3V/3Z62/wbsGhELGhpYjqQ24LqIeFeDQ0HSDsAtwCupqHPZp50j4tmGBVZB0jbAH5rh\nd1aNu78abyowTtKbJI0ERgH3NCIQSVukn+sApwE/a0QcNcwDdk/P9wKaqZtpH+CvzZRQkt+T/a46\nvySsS+NXu0XSVrnNj5J1uzZcRDwUEVtERFtEtJF1Rb+3GRKKpFG5zYOBvzYqlu64+6uPSPoo8GNg\nKPAHSfdHxH4RMUPSFLJ7wCwDTmjEzK/kE5JOSM+vBi5uUBzV/Bvwo9Qq+Acrb2XQDMbRXAP0nS4C\nLpL0MFlX5vi+6Poq4HuSdiTr/poNfKax4bSEcyS9nWwG6ZNAU878And/mZlZidz9ZWZmpXFSMTOz\n0jipmJlZaZxUzMysNE4qZmZWGicVsyokvZFbRfd+Sac0OiaAtBLyQ5UrXVfU+aSkKyrKhkhakK6H\n+pWkhZIOq3/E1t/4OhWz6l6NiB3LPKGkgRGxrIRT7dnNyrlXAz+QtEFEdF4dfhgwNS0ueaSkS0qI\nw2w1bqmY9UBqKZwl6d7UYnhHKt8wLY44TdJ9ksam8k9KulLStcCNktaRdH66v8l1kv4o6TBJe0v6\nXe51Pizp6gLxvC8tFjld0g2Stkor2t4JHJSr2qwXaNpaxknFrLr1K7q/Pp7b93xEvJdsYcSvpLJT\ngVsjYidgT7IVlTdM+3Yju5p9L+BQoA3YAfh02gdwK7C9pKFp+1i6WdFA0iCyVRoOi4j3kV1B/+20\n+wqyREK6odN2wG09/B2Y9Zi7v8yq66r7q7MFMZ0sSUC2su3BkjqTzHrAW9LzmyJiYXr+QeDKiFgO\nPCvpNoC0UOblwFGSLiZLNsd0E+PbgXcBN2VrbDIAeCbtuw44X9ndO48Armrg8j/WjzipmPXc0vTz\nDVb+HxLwscobsUnaBViSL+rivBcD15KtbXZlgfEXATMiYrfKHRHxalql+KNkLZYvdXMus1K4+8us\nHDcAJ6Vl+ZH0nhr1/gx8LI2tbAns0bkjIuaRrcZ8GnBJgdecCQyVtFt6zUGS3pnbfwVwMrAlcFeP\n3o1ZLzmpmFVXOaZyTjf1JwKDgAfTqsATa9T7LdmS6g8DPwfuBhbl9v8KmBMRj3QXYES8Rjar67uS\nHgDuB96fq3IjMAz4TZOsTmz9gFcpNutjkjaKiJclbU5275wPdN6zQ9J/AvdFxIU1jp0NtHczpbhI\nDJeQ3RzrqjU5j1klt1TM+t51ku4H/gRMzCWU6cA/A7/s4tgFwC1dXfzYHUm/Irvh2T96ew6zWtxS\nMTOz0rilYmZmpXFSMTOz0jipmJlZaZxUzMysNE4qZmZWmv8PgDcmBCUX1PIAAAAASUVORK5CYII=\n",
      "text/plain": [
       "<matplotlib.figure.Figure at 0x7f1393a25828>"
      ]
     },
     "metadata": {},
     "output_type": "display_data"
    },
    {
     "name": "stdout",
     "output_type": "stream",
     "text": [
      "Mean value of HOMO energies in QM9 dataset: -5.77 eV\n"
     ]
    }
   ],
   "source": [
    "plt.hist(y, bins=20, density=False, facecolor='blue')\n",
    "plt.xlabel(\"Energy [eV]\")\n",
    "plt.ylabel(\"Number of molecules\")\n",
    "plt.title(\"Distribution of HOMO energies\")\n",
    "plt.show()\n",
    "\n",
    "## mean value of distribution\n",
    "print(\"Mean value of HOMO energies in QM9 dataset: %0.2f eV\" %np.mean(y))"
   ]
  },
  {
   "cell_type": "markdown",
   "metadata": {},
   "source": [
    "Before dividing the dataset into training and test set, we shuffle the data. Data are often stored in a certain order, and simply taking the first part for training and the second for testing would not result in a well trained model, since the training set would not represent the test data well (and vice versa)."
   ]
  },
  {
   "cell_type": "code",
   "execution_count": 74,
   "metadata": {
    "collapsed": true
   },
   "outputs": [],
   "source": [
    "## shuffle the data\n",
    "\n",
    "c = list(zip(x, y))\n",
    "random.shuffle(c)\n",
    "\n",
    "x, y = zip(*c)\n",
    "\n",
    "x = np.array(x)\n",
    "y = np.array(y)"
   ]
  },
  {
   "cell_type": "markdown",
   "metadata": {},
   "source": [
    "Now, we divide the data into training and test set."
   ]
  },
  {
   "cell_type": "code",
   "execution_count": 75,
   "metadata": {},
   "outputs": [],
   "source": [
    "# decide how many samples to take from the database for training and testing\n",
    "n_train = 1000\n",
    "n_test = 1000\n",
    "\n",
    "# split data in training and test\n",
    "# take first n_train molecules for training\n",
    "x_train  = x[0:n_train] \n",
    "y_train = y[0:n_train]\n",
    "\n",
    "# take the next n_test data for testing\n",
    "x_test = x[n_train:n_train + n_test]\n",
    "y_test = y[n_train:n_train + n_test]"
   ]
  },
  {
   "cell_type": "markdown",
   "metadata": {},
   "source": [
    "Check that the training data resemble the test data well by plotting the distribution of HOMO energies for both sets. The distributions should be centered around the same mean value and have the same shape."
   ]
  },
  {
   "cell_type": "code",
   "execution_count": 76,
   "metadata": {},
   "outputs": [
    {
     "data": {
